% Software for Clean Energy Fuels - Calculates reaction rates from fuel mechanisms
% Copyright (C) 2014  Max Plomer

% This program is free software: you can redistribute it and/or modify
% it under the terms of the GNU General Public License as published by
% the Free Software Foundation, either version 3 of the License, or
% (at your option) any later version.

% This program is distributed in the hope that it will be useful,
% but WITHOUT ANY WARRANTY; without even the implied warranty of
% MERCHANTABILITY or FITNESS FOR A PARTICULAR PURPOSE.  See the
% GNU General Public License for more details.

% You should have received a copy of the GNU General Public License
% along with this program.  If not, see <http://www.gnu.org/licenses/>.

% Contact info for Max Plomer
% email: maxplomer@gmail.com
% cell: 203-945-8606

function [WT]=getwtch4
%units: g/mol
WT=[2.015880
1.007940
15.999400
31.998800
17.007340
18.015280
33.006740
34.014680
12.010700
13.018640
14.026580
14.026580
15.034520
16.042460
28.010100
44.009500
29.018040
30.025980
31.033920
31.033920
32.041860
25.029340
26.037280
27.045220
28.053160
29.061100
30.069040
41.028740
42.036680
42.036680
14.006740
15.014680
16.022620
17.030560
29.021420
30.006140
46.005540
44.012880
31.014080
26.017440
27.025380
28.033320
41.032120
43.024780
43.024780
43.024780
42.016840
28.013480
39.948000
43.087680
44.095620
43.044620
44.052560];
end