  9.99999977648258209E-003  0.99005027863314776       9.89962613848693884E-003  5.00952283664777943E-005
  1.99999995529651642E-002  0.98019899972139146       1.96034681260421097E-002  1.97532152567255723E-004
  2.99999993294477463E-002  0.97044569136034420       2.91133638780726595E-002  4.40944761581071399E-004
  3.99999991059303284E-002  0.96078945217295986       3.84320026445117147E-002  7.78545182522056667E-004
  4.99999988824129105E-002  0.95122932897459711       4.75622107218717713E-002  1.20846030352172399E-003
  5.99999986588954926E-002  0.94176442906794222       5.65066281011854243E-002  1.72894283086244701E-003
  6.99999984353780746E-002  0.93239376322497514       6.52681754826475724E-002  2.33806129236781160E-003
  7.99999982118606567E-002  0.92311634621157790       7.38497450381025711E-002  3.03390875031046186E-003
  8.99999979883432388E-002  0.91393122191570308       8.22541385877552933E-002  3.81463949653299125E-003
  9.99999977648258209E-002  0.90483745291122819       9.04840875226833180E-002  4.67845956608017952E-003
  0.10999999754130840       0.89583414825738494       9.85421730347131042E-002  5.62367870789443145E-003
  0.11999999731779099       0.88692041551306688       0.10643097845256039       6.64860603436611894E-003
  0.12999999709427357       0.87809539478894161       0.11415297511236996       7.75163009868212651E-003
  0.13999999687075615       0.86935817876121502       0.12171077988425028       8.93104135452877507E-003
  0.14999999664723873       0.86070787963055806       0.12910694194981270       1.01851784196242742E-002
  0.15999999642372131       0.85214362875791505       0.13634394361593657       1.15124276261446383E-002
  0.16999999620020390       0.84366461947915039       0.14342406473043129       1.29113157904153855E-002
  0.17999999597668648       0.83526999947798519       0.15034972398280191       1.43802765392104411E-002
  0.18999999575316906       0.82695890440530262       0.15712337106749982       1.59177245271955592E-002
  0.19999999552965164       0.81873051018062837       0.16374732280728049       1.75221670120895706E-002
  0.20999999530613422       0.81058399456647023       0.17022388563737242       1.91921197961564122E-002
  0.21999999508261681       0.80251854519054966       0.17655532991677569       2.09261248926737309E-002
  0.22999999485909939       0.79453335355277011       0.18274390698990067       2.27227394573283267E-002
  0.23999999463558197       0.78662761833566619       0.18879184391769674       2.45805377466360407E-002
  0.24999999441206455       0.77880054768598228       0.19470132996966305       2.64981223443536244E-002
  0.25999999418854713       0.77105135689762994       0.20047452758741180       2.84741155149571198E-002
  0.26999999396502972       0.76337926893042640       0.20611356993015417       3.05071611394183602E-002
  0.27999999374151230       0.75578351636483010       0.21162055610088004       3.25959275342890889E-002
  0.28999999351799488       0.74826334185437948       0.21699755004141910       3.47391081042007083E-002
  0.29999999329447746       0.74081799136342719       0.22224659704712524       3.69354115894473325E-002
  0.30999999307096004       0.73344672070350814       0.22736970780387408       3.91835714926178774E-002
  0.31999999284744263       0.72614879365185170       0.23236886298300316       4.14823433651460502E-002
  0.32999999262392521       0.71892347990437977       0.23724602908479667       4.38304910108251455E-002
  0.33999999240040779       0.71177005759066192       0.24200313897310630       4.62268034362339764E-002
  0.34999999217689037       0.70468781441428396       0.24664208304905982       4.86701025366593071E-002
  0.35999999195337296       0.69767604497721714       0.25116472996005085       5.11592250627357220E-002
  0.36999999172985554       0.69073405172777169       0.25557291926272768       5.36930290095050736E-002
  0.37999999150633812       0.68386113054282061       0.25986852612389849       5.62703433332860728E-002
  0.38999999128282070       0.67705659786441708       0.26405333954281601       5.88900625927726504E-002
  0.39999999105930328       0.67031977811479815       0.26812911882734564       6.15511030578625232E-002
  0.40999999083578587       0.66365000042916078       0.27209760825588875       6.42523913149570802E-002
  0.41999999061226845       0.65704660129419612       0.27596052523675241       6.69928734690580646E-002
  0.42999999038875103       0.65050890040732456       0.27971965854359099       6.97714410490913733E-002
  0.43999999016523361       0.64403625501713202       0.28337664718915850       7.25870977937164430E-002
  0.44999998994171619       0.63762801846473471       0.28693314913195078       7.54388324033213459E-002
  0.45999998971819878       0.63128355062984787       0.29039079876826457       7.83256506018943921E-002
  0.46999998949468136       0.62500221607657758       0.29375121449836306       8.12465694250660009E-002
  0.47999998927116394       0.61878337586258569       0.29701603214081956       8.42005919966012373E-002
  0.48999998904764652       0.61262641312022592       0.30018680057480640       8.71867863049739789E-002
  0.49999998882412910       0.60653071136548153       0.30326507022832999       9.02042184061945529E-002
  0.50999998860061169       0.60049566047557512       0.30625236869269812       9.32519708317329499E-002
  0.51999998837709427       0.59452065562796874       0.30915020726111991       9.63291371109174371E-002
  0.52999998815357685       0.58860509697325014       0.31196008294461142       9.94348200821444511E-002
  0.53999998793005943       0.58274839347629004       0.31468345480015880       0.10256815172355736     
  0.54999998770654202       0.57694995912591795       0.31732176728927797       0.10572827358481017     
  0.55999998748302460       0.57120921400735025       0.31987644366899426       0.10891434232366179     
  0.56999998725950718       0.56552558518813378       0.32234888331477030       0.11212553149710248     
  0.57999998703598976       0.55989850575978894       0.32474046475732360       0.11536102948289408     
  0.58999998681247234       0.55432741413154696       0.32705254793842059       0.11862003793003888     
  0.59999998658895493       0.54881175527489323       0.32928647042282455       0.12190177430228867     
  0.60999998636543751       0.54335098028762252       0.33144354881660659       0.12520547089577722     
  0.61999998614192009       0.53794454009273007       0.33352510210993042       0.12853035779734598     
  0.62999998591840267       0.53259189609631619       0.33553241235953113       0.13187569154415882     
  0.63999998569488525       0.52729251593486137       0.33746674046311742       0.13524074360202723     
  0.64999998547136784       0.52204587152696480       0.33932933341920929       0.13862479505383168     
  0.65999998524785042       0.51685144018256457       0.34112142029018172       0.14202713952725926     
  0.66999998502433300       0.51170869513417838       0.34284424426146204       0.14544706060436471     
  0.67999998480081558       0.50661712517396695       0.34449899640745452       0.14888387841858336     
  0.68999998457729816       0.50157622014952163       0.34608686475596695       0.15233691509451613     
  0.69999998435378075       0.49658547418215832       0.34760902350196399       0.15580550231588225     
  0.70999998413026333       0.49164438646631864       0.34906662966700119       0.15928898386668472     
  0.71999998390674591       0.48675246504539649       0.35046080679165470       0.16278672816295336     
  0.72999998368322849       0.48190921605624926       0.35179269125046470       0.16629809269329068     
  0.73999998345971107       0.47711415230413851       0.35306339526264441       0.16982245243322186     
  0.74999998323619366       0.47236679084363298       0.35427401728145291       0.17335919187491916     
  0.75999998301267624       0.46766665775404870       0.35542562442837067       0.17690771781758605     
  0.76999998278915882       0.46301329017874659       0.35651924500285109       0.18046746481840800     
  0.77999998256564140       0.45840621728993919       0.35755593859678414       0.18403784411328269     
  0.78999998234212399       0.45384497859216161       0.35853672871304587       0.18761829269479879     
  0.79999998211860657       0.44932911865991781       0.35946262216285307       0.19120825917723550     
  0.80999998189508915       0.44485818813533340       0.36033460726405858       0.19480720460061443     
  0.81999998167157173       0.44043174278985203       0.36115365550895695       0.19841460170119743     
  0.82999998144805431       0.43604934268553747       0.36192072305358219       0.20202993426088656     
  0.83999998122453690       0.43171055364926375       0.36263674806198054       0.20565269828876184     
  0.84999998100101948       0.42741494682062797       0.36330265150264590       0.20928240167673173     
  0.85999998077750206       0.42316208092797802       0.36391940297820730       0.21291851609381982     
  0.86999998055398464       0.41895153187381973       0.36448791095863597       0.21656055716754896     
  0.87999998033046722       0.41478288198675856       0.36500906271868905       0.22020805529455656     
  0.88999998010694981       0.41065571367232673       0.36548374794817184       0.22386053837950518     
  0.89999997988343239       0.40656961283672860       0.36591284608842134       0.22751754107485350     
  0.90999997965991497       0.40252417222542630       0.36629721125942372       0.23117861651515337     
  0.91999997943639755       0.39851899136128383       0.36663767248132606       0.23484333615739328     
  0.92999997921288013       0.39455366540536391       0.36693508371925815       0.23851125087538089     
  0.93999997898936272       0.39062779658366270       0.36719027243185337       0.24218193098448673     
  0.94999997876584530       0.38674099066489442       0.36740405535664256       0.24585495397846566     
  0.95999997854232788       0.38289285712024707       0.36757723794188818       0.24952990493786734     
  0.96999997831881046       0.37908301797752103       0.36771058239129090       0.25320639963119074     
  0.97999997809529305       0.37531108725136597       0.36780488193034172       0.25688403081829508     
  0.98999997787177563       0.37157668699100782       0.36786090288184520       0.26056241012714987     
  0.99999997764825821       0.36787944296642000       0.36787940024759769       0.26424115678598525     
   1.0099999774247408       0.36421898463870689       0.36786111782386138       0.26791989753743478     
   1.0199999772012234       0.36059494745898857       0.36780678122877281       0.27159827131224201     
   1.0299999769777060       0.35700696936698834       0.36771710858612433       0.27527592204689066     
   1.0399999767541885       0.35345469098467397       0.36759280996123583       0.27895249905409375     
   1.0499999765306711       0.34993775750132416       0.36743458164803960       0.28262766085063984     
   1.0599999763071537       0.34645581787250707       0.36724310863275089       0.28630107349474576     
   1.0699999760836363       0.34300852380288749       0.36701906851130373       0.28997240768581239     
   1.0799999758601189       0.33959552859582948       0.36676313591780402       0.29364133548637023     
   1.0899999756366014       0.33621649292250277       0.36647596040759123       0.29730754666990972     
   1.0999999754130840       0.33287107939939964       0.36615818727475385       0.30097073332585023     
   1.1099999751895666       0.32955895411253894       0.36581045171997101       0.30463059416749383     
   1.1199999749660492       0.32627978658679824       0.36543337898332817       0.30828683442987731     
   1.1299999747425318       0.32303324634004693       0.36502759541653779       0.31193915824341895     
   1.1399999745190144       0.31981901010207320       0.36459370539420394       0.31558728450372647     
   1.1499999742954969       0.31663675664663044       0.36413230790214596       0.31923093545122722     
   1.1599999740719795       0.31348616770522375       0.36364399364498412       0.32286983864979557     
   1.1699999738484621       0.31036692808167043       0.36312934471377212       0.32650372720456083     
   1.1799999736249447       0.30727872613812168       0.36258893191607106       0.33013234194581059     
   1.1899999734014273       0.30422125315323401       0.36202331815054634       0.33375542869622299     
   1.1999999731779099       0.30119420288169602       0.36143306070242920       0.33737273641587817     
   1.2099999729543924       0.29819727229431531       0.36081870721197939       0.34098402049370857     
   1.2199999727308750       0.29523016126335655       0.36018079729568853       0.34458904144095825     
   1.2299999725073576       0.29229257295780176       0.35951986102477879       0.34818756601742284     
   1.2399999722838402       0.28938421530239800       0.35883641331410260       0.35177937138350268     
   1.2499999720603228       0.28650479618229341       0.35813097235536140       0.35536423146234852     
   1.2599999718368053       0.28365402749738922       0.35740404402867576       0.35894192847393835     
   1.2699999716132879       0.28083162399492984       0.35665612638857941       0.36251224961649425     
   1.2799999713897705       0.27803730323972514       0.35588770977652562       0.36607498698375274     
   1.2899999711662531       0.27527078645778802       0.35509927389575774       0.36962993964645779     
   1.2999999709427357       0.27253179681373069       0.35429129381126634       0.37317690937500647     
   1.3099999707192183       0.26982006033347167       0.35346423674966626       0.37671570291686568     
   1.3199999704957008       0.26713530591570406       0.35261856206825271       0.38024613201604690     
   1.3299999702721834       0.26447726519039910       0.35175472175605349       0.38376801305355096     
   1.3399999700486660       0.26184567216762195       0.35087316159060683       0.38728116624177483     
   1.3499999698251486       0.25924026340397127       0.34997432061126826       0.39078541598476413     
   1.3599999696016312       0.25666077860507780       0.34905862917432096       0.39428059222060491     
   1.3699999693781137       0.25410695981762943       0.34812651159537772       0.39776652858699652     
   1.3799999691545963       0.25157855164772136       0.34717838545385732       0.40124306289842493     
   1.3899999689310789       0.24907530123220478       0.34621466170078907       0.40471003706700970     
   1.3999999687075615       0.24659695821003416       0.34523574476661778       0.40816729702335164     
   1.4099999684840441       0.24414327469361588       0.34424203266900777       0.41161469263737999     
   1.4199999682605267       0.24171400524015588       0.34323391712064805       0.41505207763919966     
   1.4299999680370092       0.23930890682300798       0.34221178363705662       0.41847930953993900     
   1.4399999678134918       0.23692773880302168       0.34117601164438516       0.42189624955259686     
   1.4499999675899744       0.23457026495442601       0.34012696556939381       0.42530276947618390     
   1.4599999673664570       0.23223624919062971       0.33906501358194147       0.42869873722743257     
   1.4699999671429396       0.22992545763474675       0.33799051848901768       0.43208402387623912     
   1.4799999669194221       0.22763765930152571       0.33690383472364321       0.43545850597483471     
   1.4899999666959047       0.22537262550002796       0.33580531094869559       0.43882206355128012     
   1.4999999664723873       0.22313012980779470       0.33469529015234167       0.44217458003986726     
   1.5099999662488699       0.22090994804501402       0.33357410974346863       0.44551594221152085     
   1.5199999660253525       0.21871185824868761       0.33244210164711657       0.44884604010419926     
   1.5299999658018351       0.21653564064679784       0.33129959239990975       0.45216476695329583     
   1.5399999655783176       0.21438107763247463       0.33014690324548845       0.45547201912204016     
   1.5499999653548002       0.21224795373829400       0.32898435019706279       0.45876769606464629     
   1.5599999651312828       0.21013605563160020       0.32781223884521904       0.46205170552318375     
   1.5699999649077654       0.20804517203349637       0.32663087824431453       0.46532394972219204     
   1.5799999646842480       0.20597509374127376       0.32544056894499962       0.46858433731372939     
   1.5899999644607306       0.20392561358842182       0.32424160662816454       0.47183277978341642     
   1.5999999642372131       0.20189652641880554       0.32303428219770802       0.47506919138348902     
   1.6099999640136957       0.19988762906084301       0.32181888187330615       0.47829348906585339     
   1.6199999637901783       0.19789872030168310       0.32059568728318089       0.48150559241513863     
   1.6299999635666609       0.19592960086138300       0.31936497555686838       0.48470542358175106     
   1.6399999633431435       0.19398007336708586       0.31812701941798804       0.48789290721492851     
   1.6499999631196260       0.19204994232719824       0.31688208727701117       0.49106797039579303     
   1.6599999628961086       0.19013901646866893       0.31563043322398349       0.49423055030735008     
   1.6699999626725912       0.18824711011401241       0.31437229112543963       0.49738059876055030     
   1.6799999624490738       0.18637402887028170       0.31310793577305540       0.50051803535666517     
   1.6899999622255564       0.18451958529132795       0.31183761592454573       0.50364279878412865     
   1.6999999620020390       0.18268359376258370       0.31056157614883140       0.50675483008858724     
   1.7099999617785215       0.18086587047874475       0.30928005690383015       0.50985407261742743     
   1.7199999615550041       0.17906623342145220       0.30799329461424746       0.51294047196430270     
   1.7299999613314867       0.17728450233697413       0.30670152174936782       0.51601397591366049     
   1.7399999611079693       0.17552049871388764       0.30540496690084523       0.51907453438526929     
   1.7499999608844519       0.17377404576076083       0.30410385486049496       0.52212209937874654     
   1.7599999606609344       0.17204496838383429       0.30279840669808378       0.52515662491808413     
   1.7699999604374170       0.17033309729176846       0.30148882222445700       0.52817808048377668     
   1.7799999602138996       0.16863826240963950       0.30017530808369786       0.53118642950666484     
   1.7899999599903822       0.16696029132121992       0.29885808438414341       0.53418162429463900     
   1.7999999597668648       0.16529901613975101       0.29753735535587705       0.53716362850437427     
   1.8099999595433474       0.16365427062655430       0.29621332163127662       0.54013240774217119     
   1.8199999593198299       0.16202589017129584       0.29488618031178299       0.54308792951692353     
   1.8299999590963125       0.16041371177225039       0.29355612503466910       0.54603016319308295     
   1.8399999588727951       0.15881757401656588       0.29222334603980910       0.54895907994362747     
   1.8499999586492777       0.15723731706052768       0.29088803023644688       0.55187465270302771     
   1.8599999584257603       0.15567278260982323       0.28955036126996525       0.55477685612021399     
   1.8699999582022429       0.15412381389980578       0.28821051958865468       0.55766566651154181     
   1.8799999579787254       0.15259026046574051       0.28686866219500984       0.56054107733925196     
   1.8899999577552080       0.15107196697349604       0.28552497000054050       0.56340306302596588     
   1.8999999575316906       0.14956878064569726       0.28417961631272126       0.56625160304158395     
   1.9099999573081732       0.14808055112399643       0.28283276740219804       0.56908668147380792     
   1.9199999570846558       0.14660712952739235       0.28148458647975122       0.57190828399285898     
   1.9299999568611383       0.14514836843440418       0.28013523375496413       0.57471639781063411     
   1.9399999566376209       0.14370412186524578       0.27878486649489304       0.57751101163986363     
   1.9499999564141035       0.14227424526399945       0.27743363908273633       0.58029211565326666     
   1.9599999561905861       0.14085859548079019       0.27608170307650359       0.58305970144270858     
   1.9699999559670687       0.13945703075395974       0.27472920726768540       0.58581376197835722     
   1.9799999557435513       0.13806941099580566       0.27337629642753314       0.58855429257666358     
   1.9899999555200338       0.13669560128077005       0.27202309620834420       0.59128130251088817     
   1.9999999552965164       0.13533546129747528       0.27066975872657373       0.59399477997595318     
   2.0099999550729990       0.13398885499836699       0.26931642082659912       0.59669472417503633     
   2.0199999548494816       0.13265564766872795       0.26796321673371370       0.59938113559756068     
   2.0299999546259642       0.13133570591028587       0.26661027810659887       0.60205401598311747     
   2.0399999544024467       0.13002889762482089       0.26525773408979558       0.60471336828538591     
   2.0499999541789293       0.12873509199777342       0.26390571136617558       0.60735919663605331     
   2.0599999539554119       0.12745415948185143       0.26255433420941393       0.60999150630873700     
   2.0699999537318945       0.12618597178063831       0.26120372453646024       0.61261030368290370     
   2.0799999535083771       0.12493040183220029       0.25985400196001046       0.61521559620779154     
   2.0899999532848597       0.12368732532999983       0.25850527732595741       0.61780739734404500     
   2.0999999530613422       0.12245662020497883       0.25715765489129566       0.62038572490372768     
   2.1099999528378248       0.12123816096081995       0.25581125631399271       0.62295058272518955     
   2.1199999526143074       0.12003182568993510       0.25446619090259470       0.62550198340747254     
   2.1299999523907900       0.11883749367452122       0.25312256576582970       0.62803994055965129     
   2.1399999521672726       0.11765504537173276       0.25178048585844709       0.63056446876982242     
   2.1499999519437551       0.11648436239885443       0.25044005402705699       0.63307558357409088     
   2.1599999517202377       0.11532532751847364       0.24910137105596875       0.63557330142555979     
   2.1699999514967203       0.11417782462365332       0.24776453571303170       0.63805763966331708     
   2.1799999512732029       0.11304173872310433       0.24642964479547305       0.64052861648142478     
   2.1899999510496855       0.11191695592635820       0.24509679317573793       0.64298625089790606     
   2.1999999508261681       0.11080336648489311       0.24376606143484014       0.64543057208026888     
   2.2099999506026506       0.10970085912738813       0.24243753885670133       0.64786160201591281     
   2.2199999503791332       0.10860932197124161       0.24111131971141392       0.65027935831734662     
   2.2299999501556158       0.10752864579689765       0.23978748994139362       0.65268386426171099     
   2.2399999499320984       0.10645872245165311       0.23846613363031341       0.65507514391803556     
   2.2499999497085810       0.10539944483649864       0.23714733304216717       0.65745322212133628     
   2.2599999494850636       0.10435070689295946       0.23583116866033288       0.65981812444670973     
   2.2699999492615461       0.10331240358993622       0.23451771922663572       0.66216987718343023     
   2.2799999490380287       0.10228443091054590       0.23320706178041167       0.66450850730904454     
   2.2899999488145113       0.10126668583896263       0.23189927169757063       0.66683404246346900     
   2.2999999485909939       0.10025906634725858       0.23059442272965980       0.66914651092308386     
   2.3099999483674765       9.92614754227572893E-002  0.22929257131722663       0.67144595326001821     
   2.3199999481439590       9.82738111611935750E-002  0.22799379513515150       0.67373239370365712     
   2.3299999479204416       9.72959743116380976E-002  0.22669816371560098       0.67600586197276313     
   2.3399999476969242       9.63278670398340781E-002  0.22540574324897686       0.67826638971119113     
   2.3499999474734068       9.53693924692123191E-002  0.22411659835813696       0.68051400917265281     
   2.3599999472498894       9.44204546691935348E-002  0.22283079213177004       0.68274875319903849     
   2.3699999470263720       9.34809586434909440E-002  0.22154838615777017       0.68497065519874090     
   2.3799999468028545       9.25508103184125852E-002  0.22026944055661157       0.68717974912497792     
   2.3899999465793371       9.16299165311640906E-002  0.21899401401472340       0.68937606945411456     
   2.3999999463558197       9.07181850181507654E-002  0.21772216381786413       0.69155965116398710     
   2.4099999461323023       8.98155248778469834E-002  0.21645394410164925       0.69373053102050586     
   2.4199999459087849       8.89218485765038286E-002  0.21518939830595601       0.69588875311754217     
   2.4299999456852674       8.80370645197231516E-002  0.21392858707139495       0.69803434840888401     
   2.4399999454617500       8.71610842003851388E-002  0.21267156137547141       0.70016735442414557     
   2.4499999452382326       8.62938199794780342E-002  0.21141837085897347       0.70228780916155065     
   2.4599999450147152       8.54351850755607489E-002  0.21016906385498790       0.70439575106945351     
   2.4699999447911978       8.45850935542255128E-002  0.20892368741791673       0.70649121902785983     
   2.4799999445676804       8.37434603175605530E-002  0.20768228735249319       0.70857425232994842     
   2.4899999443441629       8.29102010936126343E-002  0.20644490824279815       0.71064489066359127     
   2.4999999441206455       8.20852324258496691E-002  0.20521159348127643       0.71270317409287587     
   2.5099999438971281       8.12684716626234233E-002  0.20398238529775289       0.71474914303962556     
   2.5199999436736107       8.04598381434514370E-002  0.20275732038174626       0.71678284147480431     
   2.5299999434500933       7.96592520861574005E-002  0.20153643397024867       0.71880431394359601     
   2.5399999432265759       7.88666320384005526E-002  0.20031976922144057       0.72081359874016093     
   2.5499999430030584       7.80818987066922293E-002  0.19910736310642593       0.72281073818688391     
   2.5599999427795410       7.73049735735553273E-002  0.19789925149108448       0.72479577493536229     
   2.5699999425560236       7.65357788879840462E-002  0.19669546916141636       0.72676875195060164     
   2.5799999423325062       7.57742376559037562E-002  0.19549604984888663       0.72872971249521146     
   2.5899999421089888       7.50202736306307127E-002  0.19430102625577020       0.73067870011360125     
   2.5999999418854713       7.42738113033318825E-002  0.19311043008049614       0.73261575861617412     
   2.6099999416619539       7.35347758934848245E-002  0.19192429204299244       0.73454093206352489     
   2.6199999414384365       7.28030933393373492E-002  0.19074264191003079       0.73645426475063391     
   2.6299999412149191       7.20786922681709435E-002  0.18956550134449274       0.73835580638733833     
   2.6399999409914017       7.13614999207599632E-002  0.18839289866850939       0.74024560141073270     
   2.6499999407678843       7.06514438020047209E-002  0.18722486287127316       0.74212369332672412     
   2.6599999405443668       6.99484528697192215E-002  0.18606141929087205       0.74399012783941076     
   2.6699999403208494       6.92524567758687759E-002  0.18490259235529774       0.74584495086883562     
   2.6799999400973320       6.85633858579853539E-002  0.18374840560432534       0.74768820853769136     
   2.6899999398738146       6.78811711305832982E-002  0.18259888171139388       0.74951994715802495     
   2.6999999396502972       6.72057442765748303E-002  0.18145404250548677       0.75134021321794053     
   2.7099999394267797       6.65370376386856671E-002  0.18031390899301161       0.75314905336830462     
   2.7199999392032623       6.58749842108706102E-002  0.17917850137968094       0.75494651440945049     
   2.7299999389797449       6.52195176297291068E-002  0.17804783909239227       0.75673264327788048     
   2.7399999387562275       6.45705749092104764E-002  0.17692193112976570       0.75850749396102590     
   2.7499999385327101       6.39280894322353660E-002  0.17580080076147964       0.76027110980628687     
   2.7599999383091927       6.32919968122159643E-002  0.17468446485536437       0.76202353833242176     
   2.7699999380856752       6.26622334037388179E-002  0.17357293911953847       0.76376482747672458     
   2.7799999378621578       6.20387361832438061E-002  0.17246623851468595       0.76549502530207214     
   2.7899999376386404       6.14214427413460051E-002  0.17136437727274123       0.76721417998591468     
   2.7999999374151230       6.08102912751577046E-002  0.17026736891557412       0.76892233980927027     
   2.8099999371916056       6.02052205806102511E-002  0.16917522627367473       0.77061955314571695     
   2.8199999369680882       5.96061700447760578E-002  0.16808796150483862       0.77230586845038740     
   2.8299999367445707       5.90130796381904618E-002  0.16700558611285168       0.77398133424895987     
   2.8399999365210533       5.84258903981972472E-002  0.16592810930369495       0.77564600029810982     
   2.8499999362975359       5.78445452334185664E-002  0.16485553525450414       0.77729991951207922     
   2.8599999360740185       5.72689845724786706E-002  0.16378787783856749       0.77894313758895584     
   2.8699999358505011       5.66991508357142446E-002  0.16272514547794678       0.78057570368634088     
   2.8799999356269836       5.61349870075461554E-002  0.16166734596975096       0.78219766702270488     
   2.8899999354034662       5.55764366296040632E-002  0.16061448650210286       0.78380907686829482     
   2.8999999351799488       5.50234437938510457E-002  0.15956657367010724       0.78540998253604366     
   2.9099999349564314       5.44759531357081328E-002  0.15852361349181751       0.78700043337247616     
   2.9199999347329140       5.39339098271790010E-002  0.15748561142420359       0.78858047874861925     
   2.9299999345093966       5.33972595699744798E-002  0.15645257237911880       0.79015016805090865     
   2.9399999342858791       5.28659485886372113E-002  0.15542450073926761       0.79170955067209714     
   2.9499999340623617       5.23399246081868719E-002  0.15440139717747364       0.79325867821434137     
   2.9599999338388443       5.18191355251729699E-002  0.15338326296536142       0.79479760150946743     
   2.9699999336153269       5.13035283978603568E-002  0.15237010324582631       0.79632636835631521     
   2.9799999333918095       5.07930516437175503E-002  0.15136191989152184       0.79784502846476257     
   2.9899999331682920       5.02876541852311648E-002  0.15035871427200845       0.79935363154276218     
   2.9999999329447746       4.97872854437222331E-002  0.14936048726747569       0.80085222728880401     
   3.0099999327212572       4.92918953331621182E-002  0.14836723928246415       0.80234086538437555     
   3.0199999324977398       4.88014342539887028E-002  0.14737897025958785       0.80381959548642534     
   3.0299999322742224       4.83158530869224404E-002  0.14639567969325590       0.80528846721982372     
   3.0399999320507050       4.78351031867824614E-002  0.14541736664339500       0.80674753016982426     
   3.0499999318271875       4.73591363763026657E-002  0.14444402974917145       0.80819683387452779     
   3.0599999316036701       4.68879063645705405E-002  0.14347566275858323       0.80963643087684811     
   3.0699999313801527       4.64213655778289852E-002  0.14251226449805796       0.81106636992411496     
   3.0799999311566353       4.59594669678002124E-002  0.14155383317484596       0.81248669985735578     
   3.0899999309331179       4.55021643224001807E-002  0.14060036539327658       0.81389747028432513     
   3.0999999307096004       4.50494118814329381E-002  0.13965185735865218       0.81529873075991677     
   3.1099999304860830       4.46011643310216671E-002  0.13870830488903529       0.81669053077994491     
   3.1199999302625656       4.41573767980396464E-002  0.13776970342703498       0.81807291977492713     
   3.1299999300390482       4.37180048445411917E-002  0.13683604805159363       0.81944594710386698     
   3.1399999298155308       4.32830044621926452E-002  0.13590733348977402       0.82080966204803529     
   3.1499999295920134       4.28523320667033095E-002  0.13498355412854532       0.82216411380475329     
   3.1599999293684959       4.24259445288880099E-002  0.13406470391408759       0.82350935155702620     
   3.1699999291449785       4.20038008478195446E-002  0.13315077120878629       0.82484542794339610     
   3.1799999289214611       4.15858575955016449E-002  0.13224175277380193       0.82617238963069839     
   3.1899999286979437       4.11720729612235839E-002  0.13133764134489809       0.82749028569388028     
   3.1999999284744263       4.07624055437437460E-002  0.13043842933592725       0.82879916512033081     
   3.2099999282509089       4.03568143462854634E-002  0.12954410884888282       0.83009907680483364     
   3.2199999280273914       3.99552587715331503E-002  0.12865467168395042       0.83139006954451822     
   3.2299999278038740       3.95576986166280772E-002  0.12777010934956029       0.83267219203381349     
   3.2399999275803566       3.91640940681645747E-002  0.12689041307243867       0.83394549285939856     
   3.2499999273568392       3.87744056971857792E-002  0.12601557380765951       0.83521002049515658     
   3.2599999271333218       3.83885944541798030E-002  0.12514558224869668       0.83646582329712538     
   3.2699999269098043       3.80066220871047439E-002  0.12428042757937804       0.83771295033351911     
   3.2799999266862869       3.76284512725992490E-002  0.12342009707883286       0.83895145164856977     
   3.2899999264627695       3.72540433404723245E-002  0.12256458288407407       0.84018137377545554     
   3.2999999262392521       3.68833608336960952E-002  0.12171387437169839       0.84140276479460741     
   3.3099999260157347       3.65163666619253077E-002  0.12086796067050588       0.84261567266757054     
   3.3199999257922173       3.61530240970093161E-002  0.12002683067001729       0.84382014523297522     
   3.3299999255686998       3.57932967685040265E-002  0.11919047302899118       0.84501623020250671     
   3.3399999253451824       3.54371486591838064E-002  0.11835887618394120       0.84620397515687684     
   3.3499999251216650       3.50845441005534775E-002  0.11753202835765340       0.84738342754179485     
   3.3599999248981476       3.47354477683602877E-002  0.11670991756770344       0.84855463466393810     
   3.3699999246746302       3.43898246781058209E-002  0.11589253163497382       0.84971764368692215     
   3.3799999244511127       3.40476409416119036E-002  0.11507985602317154       0.85087250303521833     
   3.3899999242275953       3.37088625009748719E-002  0.11427187744277802       0.85201926005624884     
   3.3999999240040779       3.33734549746423151E-002  0.11346858428545559       0.85315796073990380     
   3.4099999237805605       3.30413848064428084E-002  0.11266996334504563       0.85428865184851333     
   3.4199999235570431       3.27126187685796779E-002  0.11187600122975970       0.85541138000166239     
   3.4299999233335257       3.23871239576034101E-002  0.11108668436938486       0.85652619167301358     
   3.4399999231100082       3.20648677903839219E-002  0.11030199902248865       0.85763313318712919     
   3.4499999228864908       3.17458180000829565E-002  0.10952193128362429       0.85873225071629455     
   3.4599999226629734       3.14299426321263953E-002  0.10874646709053584       0.85982359027733946     
   3.4699999224394560       3.11172100401766669E-002  0.10797559223136317       0.86090719772846180     
   3.4799999222159386       3.08075888821049970E-002  0.10720929235184731       0.86198311876604949     
   3.4899999219924212       3.05010491636057458E-002  0.10644755010781638       0.86305140072857967     
   3.4999999217689037       3.01975597635655117E-002  0.10569035190453653       0.86411208833189979     
   3.5099999215453863       2.98970901422604060E-002  0.10493768323827592       0.86516522661946549     
   3.5199999213218689       2.95996102378716583E-002  0.10418952897451958       0.86621086078761045     
   3.5299999210983515       2.93050902825595198E-002  0.10344587384537979       0.86724903587206237     
   3.5399999208748341       2.90135007988435029E-002  0.10270670245568961       0.86827979674546873     
   3.5499999206513166       2.87248125959826302E-002  0.10197199928909660       0.86930318811492258     
   3.5599999204277992       2.84389967663556224E-002  0.10124174871415659       0.87031925451948955     
   3.5699999202042818       2.81560246818411825E-002  0.10051593499042721       0.87132804032773337     
   3.5799999199807644       2.78758679901981964E-002  9.97945422745616512E-002  0.87232958973524188     
   3.5899999197572470       2.75984987058139966E-002  9.90775543790781282E-002  0.87332394691510962     
   3.5999999195337296       2.73238900396709991E-002  9.83649525937500130E-002  0.87431115736658072     
   3.6099999193102121       2.70520137916259520E-002  9.76567225166529579E-002  0.87529126369172283     
   3.6199999190866947       2.67828427634941683E-002  9.69528477264443161E-002  0.87626430951006329     
   3.6299999188631773       2.65163500234867483E-002  9.62533117067681798E-002  0.87723033826974683     
   3.6399999186396599       2.62525089029564916E-002  9.55580978513908413E-002  0.87818939324565426     
   3.6499999184161425       2.59912929931437366E-002  9.48671894693361301E-002  0.87914151753752190     
   3.6599999181926250       2.57326761419222581E-002  9.41805697900207905E-002  0.88008675406805859     
   3.6699999179691076       2.54766324505451419E-002  9.34982219683899302E-002  0.88102514558106670     
   3.6799999177455902       2.52231362703906371E-002  9.28201290900522863E-002  0.88195673463955881     
   3.6899999175220728       2.49721621997080478E-002  9.21462741764157989E-002  0.88288156362387804     
   3.6999999172985554       2.47236854225077393E-002  9.14766393246881776E-002  0.88379967525280578     
   3.7099999170750380       2.44776815381931336E-002  9.08112061355711986E-002  0.88471111232623734     
   3.7199999168515205       2.42341254461511460E-002  9.01499585305563927E-002  0.88561591602329415     
   3.7299999166280031       2.39929927801595042E-002  8.94928791218360942E-002  0.88651412809800623     
   3.7399999164044857       2.37542594124846018E-002  8.88399504631327552E-002  0.88740579012438436     
   3.7499999161809683       2.35179014509584623E-002  8.81911550539970779E-002  0.88829094349504623     
   3.7599999159574509       2.32838952360556323E-002  8.75464753441063809E-002  0.88916962941983979     
   3.7699999157339334       2.30522173379701274E-002  8.69058937375629809E-002  0.89004188892446856     
   3.7799999155104160       2.28228445536923681E-002  8.62693925971923514E-002  0.89090776284911710     
   3.7899999152868986       2.25957539040860765E-002  8.56369542488414903E-002  0.89176729184707415     
   3.7999999150633812       2.23709226309652676E-002  8.50085609856771895E-002  0.89262051638335926     
