
ans =

     8.997600000000000e+15
     3.160000000000000e+16
     2.087488735159629e+11
     2.000000000000000e+13
     1.286617346825459e+12
     5.700000000000000e+13
     8.000000000000000e+13
     1.500000000000000e+13
     1.500000000000000e+13
     5.060000000000000e+13
     4.257158989210399e+11
     5.420561585714318e+09
     3.000000000000000e+13
     3.000000000000000e+13
     6.567771943497793e+12
     1.000000000000000e+13
     1.000000000000000e+13
     2.578366441358686e+12
     3.320643451807686e+11
     5.000000000000000e+13
     5.189192100490465e+12
     1.276152657140475e+09
     2.667629124252135e+12
     3.000000000000000e+13
     3.458042164146088e+12
     2.240000000000000e+13
     2.949576865265720e+12
     1.000000000000000e+14
     1.785032923412560e+11
     8.871628555279384e+11
     8.943885633179914e+01
     1.812304436383448e+05
     3.663963312710268e+17
     3.963358293363555e+15
     5.909332002412439e+16
     4.954197866704443e+15
     2.786750193874480e+15
     4.863330690133169e+10
     5.263000000000000e+16
     1.426403873215003e+15
     1.066967646023354e+16
     5.500000000000000e+14
     1.270720000000000e+18
     2.832352708233050e+12
     2.617416198374992e+13
     6.102442635416652e+13
     8.838028959554307e+11
     1.633957679391265e+12
     1.650000000000000e+14
     5.920173358451246e+14
     3.000000000000000e+13
     2.650563134890445e+14
     2.044205621077965e+11
     3.404265336252153e+13
     7.340000000000000e+13
     2.010551414232696e+12
     3.266200852948983e+12
     7.238751000633492e+12
     3.183151710889629e+13
     2.000000000000000e+13
     1.696486871022525e+13
     1.295871291840387e+13
     8.276548219624080e+13
     1.223401518458907e+12
     2.000000000000000e+13
     5.013385762997967e+13
     3.122187457054027e+13
     2.925085495494215e+12
     7.226681812397472e+11
     9.932801305014158e+13
     1.668383550630862e+12
     3.405446083257114e+13
     3.000000000000000e+13
     4.952846644222050e+12
     1.089518505794540e+11
     2.517045724130016e+14
     2.000000000000000e+12
     1.303346394918435e+12
     1.000000000000000e+14
     8.925164617062798e+11
     2.013301667998701e+12
     1.000000000000000e+13
     5.450182787796081e-06
     1.302707977174765e+12
     5.686137567246670e+12
     1.636049813790599e+12
     1.864833716999173e+13
     1.613286921951698e+12
     6.354236531139705e+11
     5.000000000000000e+13
     3.000000000000000e+13
     2.000000000000000e+13
     2.497156609276210e+12
     3.000000000000000e+13
     7.277826617157575e+13
     2.310353038728659e+11
     3.014454312173560e+13
     1.312629105950572e+12
     2.219774495788018e+11
     5.000000000000000e+13
     1.489304106163048e+13
     5.000000000000000e+12
     5.000000000000000e+12
     2.197554415798704e+12
     2.961585108678205e+12
     2.000000000000000e+13
     1.140251664194974e+10
     4.488317291191702e+09
     2.937722737361191e+10
     1.321403865981007e+09
     5.000000000000000e+12
     1.023156217868794e+12
     5.234434739781421e+12
     2.741402604653850e+12
     2.952367614757078e+11
     1.001656091428045e+12
     2.000000000000000e+13
     1.000000000000000e+12
     3.780000000000000e+13
     1.043392329453117e+09
     1.335541455237393e+10
     4.340567578634893e+13
     5.000000000000000e+13
     5.000000000000000e+13
     6.710000000000000e+13
     2.258141892097600e+13
     8.349048717714466e+12
     4.000000000000000e+13
     3.000000000000000e+13
     6.000000000000000e+13
     4.887701142107709e+13
     6.722073555601955e+10
     1.225861513277949e+14
     5.000000000000000e+13
     2.350464371966830e+12
     1.314907750765701e+10
     3.924892851403621e+12
     4.000000000000000e+13
     3.833314024982535e+10
     2.609531192421915e+12
     3.000000000000000e+13
     1.109084731121825e+13
     6.654508386730951e+12
     2.800000000000000e+13
     1.200000000000000e+13
     7.000000000000000e+13
     8.944258289014428e+13
     3.000000000000000e+13
     1.598642859188978e+13
     2.131523812251971e+13
     9.000000000000000e+12
     7.000000000000000e+12
     1.400000000000000e+13
     5.275447591926490e+13
     7.766442603047770e+06
     8.392399070798905e+07
     4.646297550804323e+10
     1.402695024280773e+13
     6.583962633377557e+10
     2.648000000000000e+13
     4.682404707216049e+10
     6.379574249357007e+09
     2.126524749785669e+09
     2.215231011252363e+09
     5.301286309126964e+09
     2.889611781395907e+11
     2.071370045297299e+12
     1.099776906246509e+13
     1.144412798450716e+13
     1.595529615236408e+11
     1.462180160720572e+13
     1.044214460068660e+13
     1.857988807690068e+12
     1.817530300891244e-05
     1.195144532604388e+11
     2.082155754032306e+12
     1.000000000000000e+13
     2.258294441898045e+13
     3.417472841179435e+11
     2.768214583358459e+13
     6.076660943858349e+09
     2.529876250211817e+08
     2.894650066602263e+10
     4.994461825647629e+07
     4.521973854191813e-02
     2.686480431303043e+12
     3.944781415958164e+17
     4.400633698448876e+12
     1.101280657729394e+14
     4.000000000000000e+13
     2.710381256604018e+13
     2.000000000000000e+13
     7.962143411069943e+12
     1.750505533093022e+10
     3.849067679665376e+10
     1.500000000000000e+13
     1.880150145248449e+10
     4.410153960486183e+12
     1.630395111351015e+13
     3.000000000000000e+12
     3.900000000000000e+13
     6.373435339168398e+12
     3.587342569689126e+12
     3.300000000000000e+08
     3.135524576847123e+14
     5.000000000000000e+12
     2.500000000000000e+13
     7.000000000000000e+13
     5.000000000000000e+13
     2.000000000000000e+13
     2.500000000000000e+13
     2.139303337087372e+17
     2.500000000000000e+13
     9.332614426274469e+13
     1.050897508523292e+13
     1.441866743234450e+10
     7.700000000000000e+13
     4.000000000000000e+13
     1.873915904177583e+11
     7.661747379095871e+12
     2.139355512938544e+12
     2.350000000000000e+13
     5.400000000000000e+13
     2.500000000000000e+12
     2.000000000000000e+13
     8.514233814932376e+07
     3.018308441760129e+04
     3.606042802079065e+12
     2.540669767056809e+12
     1.778492420345805e-07
     1.377671951460181e+11
     3.440786597981831e+10
     3.302938402824643e+08
     1.619781551415751e+09
     1.058692072422853e+09
     8.264602917236407e+07
     3.299492600535114e+13
     4.906067983255803e+13
     5.519954419979069e+03
     5.430745137905208e+07
     8.575380365062150e+12
     6.725547342192039e-04
     6.231973881963694e-04
     1.900000000000000e+13
     2.900000000000000e+13
     4.100000000000000e+13
     1.620000000000000e+13
     2.460000000000000e+13
     1.185251552796865e+13
     1.683853832872336e+12
     2.360630142961182e+12
     1.185251552796865e+13
     1.683853832872336e+12
     2.360630142961182e+12
     4.877504329987950e+07
     1.764668728823412e+07
     2.200000000000000e+13
     2.000000000000000e+12
     1.200000000000000e+13
     1.200000000000000e+13
     1.000000000000000e+14
     2.309937321738587e+10
     1.862711209046794e+03
     1.517115200044686e+10
     4.185183242187603e+11
     4.116718372489146e+09
     1.705119196175857e+11
     1.705119196175857e+10
     2.277889584663522e-01
     4.259594566931787e+12
     3.221439765357216e+11
     2.232832383408691e+11
     7.310406945743600e+12
     9.000000000000000e+12
     6.193726312106142e+13
     1.091115446535947e+13
     5.828110898397644e+10
     1.951013493847095e+12
     2.406202562159936e+11
     7.309546384106532e+09
     2.871990214682865e+13
     4.634010749612507e+12
     1.017587012921303e+10
     3.370000000000000e+13
     1.853510599982304e+12
