function [A,B,E]=getabe
A =[3.5470e+015  5.0800e+004  2.1600e+008  2.9700e+006  4.5770e+019  6.1650e+015  4.7140e+018  3.8000e+022  1.4750e+012  1.6600e+013  ...
    7.0790e+013  3.2500e+013  2.8900e+013  4.2000e+014  1.3000e+011  2.9510e+014  2.4100e+013  4.8200e+013  9.5500e+006  1.0000e+012  5.8000e+014];
B=[ -4.0600e-001  2.6700e+000  1.5100e+000  2.0200e+000 -1.4000e+000 -5.0000e-001 -1.0000e+000 -2.0000e+000  6.0000e-001            0   ...         
                 0         0            0            0            0            0            0            0   2.0000e+000            0            0];
E =[1.6599E+4    0.629E+04     0.343E+04     1.34e+4     1.0438E+05            0            0            0            0     0.823E+03  ...
    2.95E+02            0      -4.970E+02  1.1982e+04  -1.6293e+3   4.843E+04     0.397E+04     0.795E+04   3.970E+03            0    9.557E+03];
end