function [WT]=getwt
%units: g/mol
WT=[    2.0159
       31.9988
       18.0153
        1.0080
       15.9994
       17.0074
       33.0068
       34.0147
       28.0134];


end