
fwdk =

     8.997599999999999e+15
     3.160000000000000e+16
     2.087488711177824e+11
     2.000000000000000e+13
     1.286617337380658e+12
     5.700000000000000e+13
     8.000000000000000e+13
     1.500000000000000e+13
     1.500000000000000e+13
     5.060000000000000e+13
     4.257158922020855e+11
     5.420561561988776e+09
     3.000000000000000e+13
     3.000000000000000e+13
     6.567771900829553e+12
     1.000000000000000e+13
     1.000000000000000e+13
     2.578366426690048e+12
     3.320643421337462e+11
     5.000000000000000e+13
     5.189192082396374e+12
     1.276152589339714e+09
     2.667629114950432e+12
     3.000000000000000e+13
     3.458042162749923e+12
     2.240000000000000e+13
     2.949576834465388e+12
     1.000000000000000e+14
     1.785032897205421e+11
     8.871628533299747e+11
     8.943884848599421e+01
     1.812304303345810e+05
     3.663963312710269e+17
     3.963358293363555e+15
     5.909332002412442e+16
     4.954197866704443e+15
     2.786750193874480e+15
     4.863330538039110e+10
     5.263000000000000e+16
     1.426403873215003e+15
     1.066967646023354e+16
     5.500000000000002e+14
     1.270720000000001e+18
     2.832352704745236e+12
     2.617416193244873e+13
     6.102442628305159e+13
     8.838028875212643e+11
     1.633957668596165e+12
     1.650000000000000e+14
     5.920173360685945e+14
     3.000000000000000e+13
     2.650563132471698e+14
     2.044205580411421e+11
     3.404265338452012e+13
     7.340000000000000e+13
     2.010551401816194e+12
     3.266200839639091e+12
     7.238750964207235e+12
     3.183151710726423e+13
     2.000000000000000e+13
     1.696486871906728e+13
     1.295871290389695e+13
     8.276548219141688e+13
     1.223401514139169e+12
     2.000000000000000e+13
     5.013385764010028e+13
     3.122187450923100e+13
     2.925085469351482e+12
     7.226681747809544e+11
     9.932801308779731e+13
     1.668383543618371e+12
     3.405446081757184e+13
     3.000000000000000e+13
     4.952846628826281e+12
     1.089518481320853e+11
     2.517045717030344e+14
     2.000000000000000e+12
     1.303346376907418e+12
     1.000000000000000e+14
     8.925164486027103e+11
     2.013301655332888e+12
     1.000000000000000e+13
     5.450181992245932e-06
     1.302707968974561e+12
     5.686137569480347e+12
     1.636049820125826e+12
     1.864833718710345e+13
     1.613286920687477e+12
     6.354236188181036e+11
     5.000000000000000e+13
     3.000000000000000e+13
     2.000000000000000e+13
     2.497156595527863e+12
     3.000000000000000e+13
     7.277826601862173e+13
     2.310353015748075e+11
     3.014454304334538e+13
     1.312629098434689e+12
     2.219774495502858e+11
     5.000000000000000e+13
     1.489304107384776e+13
     5.000000000000000e+12
     5.000000000000000e+12
     2.197554419186381e+12
     2.961585100525552e+12
     2.000000000000000e+13
     1.140251666287561e+10
     4.488317179992747e+09
     2.937722661882868e+10
     1.321403870831088e+09
     5.000000000000000e+12
     1.023156213174552e+12
     5.234434731423991e+12
     2.741402594591806e+12
     2.952367623588719e+11
     1.001656069369174e+12
     2.000000000000000e+13
     1.000000000000000e+12
     3.780000000000000e+13
     1.043392284263045e+09
     1.335541425825564e+10
     4.340567574046587e+13
     5.000000000000000e+13
     5.000000000000000e+13
     6.710000000000000e+13
     2.258141879209319e+13
     8.349048729282707e+12
     4.000000000000000e+13
     3.000000000000000e+13
     6.000000000000000e+13
     4.887701145968448e+13
     6.722073360786332e+10
     1.225861514436546e+14
     5.000000000000000e+13
     2.350464365496471e+12
     1.314907733318852e+10
     3.924892765371431e+12
     4.000000000000000e+13
     3.833313966803924e+10
     2.609531172534150e+12
     3.000000000000000e+13
     1.109084729900590e+13
     6.654508379403540e+12
     2.800000000000000e+13
     1.200000000000000e+13
     7.000000000000000e+13
     8.944258271517363e+13
     3.000000000000000e+13
     1.598642860861261e+13
     2.131523814481681e+13
     9.000000000000000e+12
     7.000000000000000e+12
     1.400000000000000e+13
     5.275447597251316e+13
     7.766442168617089e+06
     8.392398757912746e+07
     4.646297506635052e+10
     1.402695022847173e+13
     6.583962505298947e+10
     2.648000000000000e+13
     4.682404656860207e+10
     6.379574132981527e+09
     2.126524710993842e+09
     2.215230973850756e+09
     5.301286207459745e+09
     2.889611691244644e+11
     2.071369980673869e+12
     1.099776905439185e+13
     1.144412796560512e+13
     1.595529625572655e+11
     1.462180162746534e+13
     1.044214456249389e+13
     1.857988804229142e+12
     1.817530011709959e-05
     1.195144524105237e+11
     2.082155750769024e+12
     1.000000000000000e+13
     2.258294440426775e+13
     3.417472800413086e+11
     2.768214581402572e+13
     6.076660823306437e+09
     2.529876142730335e+08
     2.894649966306758e+10
     4.994461632615124e+07
     4.521973389297176e-02
     2.686480433669553e+12
     3.944781415958167e+17
     4.400633700387126e+12
     1.101280657001809e+14
     4.000000000000000e+13
     2.710381254962568e+13
     2.000000000000000e+13
     7.962143411069940e+12
     1.750505512211591e+10
     3.849067678958994e+10
     1.500000000000000e+13
     1.880150097459697e+10
     4.410153960486185e+12
     1.630395111351015e+13
     3.000000000000000e+12
     3.900000000000000e+13
     6.373435296476071e+12
     3.587342572717526e+12
     3.300000000000000e+08
     3.135524548190638e+14
     5.000000000000000e+12
     2.500000000000000e+13
     7.000000000000000e+13
     5.000000000000000e+13
     2.000000000000000e+13
     2.500000000000000e+13
     2.139303334182099e+17
     2.500000000000000e+13
     9.332614414970511e+13
     1.050897510355469e+13
     1.441866708834971e+10
     7.700000000000000e+13
     4.000000000000000e+13
     1.873915878522565e+11
     7.661747385282639e+12
     2.139355504143978e+12
     2.350000000000000e+13
     5.400000000000000e+13
     2.500000000000000e+12
     2.000000000000000e+13
     8.514233502425946e+07
     3.018308142366408e+04
     3.606042797181891e+12
     2.540669763326703e+12
     1.778492007137485e-07
     1.377671938869229e+11
     3.440786566535463e+10
     3.302938241587350e+08
     1.619781511671780e+09
     1.058692059988217e+09
     8.264602780731617e+07
     3.299492600533345e+13
     4.906067979654359e+13
     5.519953953786361e+03
     5.430744937279490e+07
     8.575380369692589e+12
     6.725546428830464e-04
     6.231973138564061e-04
     1.900000000000000e+13
     2.900000000000000e+13
     4.100000000000000e+13
     1.620000000000000e+13
     2.460000000000000e+13
     1.185251550034394e+13
     1.683853830523778e+12
     2.360630140448488e+12
     1.185251550034394e+13
     1.683853830523778e+12
     2.360630140448488e+12
     4.877504072193521e+07
     1.764668658385606e+07
     2.200000000000000e+13
     2.000000000000000e+12
     1.200000000000000e+13
     1.200000000000000e+13
     1.000000000000000e+14
     2.309937285705411e+10
     1.862711058635101e+03
     1.517115168304694e+10
     4.185183213001139e+11
     4.116718272007628e+09
     1.705119184910612e+11
     1.705119184910612e+10
     2.277889230501529e-01
     4.259594544652743e+12
     3.221439752823805e+11
     2.232832371566356e+11
     7.310406918911482e+12
     9.000000000000000e+12
     6.193726308809791e+13
     1.091115446716164e+13
     5.828110792349291e+10
     1.951013490427718e+12
     2.406202533633463e+11
     7.309546191608761e+09
     2.871990212864484e+13
     4.634010755608065e+12
     1.017586991818828e+10
     3.370000000000000e+13
     1.853510599233959e+12
