
wdot =

     6.595268933969070e+16
    -2.365165088277178e+19
    -4.450933138434053e+17
    -4.282876536141630e+17
    -1.239205365463315e+18
     1.270856019463805e+18
     4.370073646486186e+17
     8.763285545562129e+11
    -3.901927512784963e+13
    -5.647247897995128e+14
    -7.103935570705241e+14
    -3.416166291292133e+14
     7.412137147768526e+14
     2.343800042925261e+14
    -1.526721539550829e+16
     1.770014467662774e+14
     6.118071519523888e+15
     2.505031641203658e+14
    -4.257584694377673e+13
    -2.036556782353407e+14
     2.656703318891668e+14
    -2.383937662807370e+14
     3.897986649610179e+14
    -4.027651198800091e+13
     1.408528989530620e+14
    -4.211873494370286e+14
     2.034957661488098e+14
    -2.333994116167927e+14
     1.601535203725828e+14
    -1.573670000392306e+13
    -1.357913344793876e+15
    -9.057953598145024e+15
    -4.940387558569252e+13
    -1.887037386080528e+12
    -4.932650004091333e+14
    -6.082030030617813e+17
     3.943325409885252e+17
     2.450848250260514e+13
     2.138602954175658e+17
    -2.156072174670029e+19
     2.156057766272683e+19
     4.586744541447811e+13
    -1.394246513577895e+14
     8.911121819612231e+12
    -1.051841999515328e+13
     9.099301643881724e+15
     1.270639016685119e+15
     7.117850078905811e+14
     5.371093750000000e-02
    -1.820940859168847e+14
     3.547858630619808e+13
    -1.967274961101649e+14
     9.717803814461478e+13

Elapsed time is 0.012590 seconds.