
wdot =

     6.595268934109300e+16
    -2.365165589255264e+19
    -4.450933138416131e+17
    -4.282876536110083e+17
    -1.239205365468156e+18
     1.270856019463665e+18
     4.370073646484216e+17
     8.763285091406613e+11
    -3.901927201593895e+13
    -5.647247886085338e+14
    -7.103935580242906e+14
    -3.416166292190504e+14
     7.412137264636179e+14
     2.343800045393355e+14
    -1.526721711975323e+16
     1.770014467727125e+14
     6.118071707704244e+15
     2.505031642333276e+14
    -4.257584691556690e+13
    -2.036556809354803e+14
     2.656703321736623e+14
    -2.383937711515488e+14
     3.897986700617895e+14
    -4.027651199430523e+13
     1.408528989294509e+14
    -4.211873549920511e+14
     2.034957668692189e+14
    -2.333994116176588e+14
     1.601535203175427e+14
    -1.573670014605100e+13
    -1.357913474874768e+15
    -9.057955007413636e+15
    -4.940387561840159e+13
    -1.887037388775730e+12
    -4.932650031357481e+14
    -6.082030033521865e+17
     3.943325409884399e+17
     2.450848250037059e+13
     2.138602957079965e+17
    -2.156072675600161e+19
     2.156058267202507e+19
     4.586744541129595e+13
    -1.394246513624200e+14
     8.911121799915553e+12
    -1.051842010069969e+13
     9.099303053284070e+15
     1.270639143522022e+15
     7.117850138352376e+14
                         0
    -1.820940858652208e+14
     3.547858623525479e+13
    -1.967274961760965e+14
     9.717803813306695e+13

Elapsed time is 3.549439 seconds.